#  n    min[us]    max[us]   mean[us]     sd[us] measurements[us]
# 10      4.906     10.616      6.910      2.623     10.616      5.209      4.906 
# 12      6.133     11.195      7.952      2.299     11.195      6.527      6.133 
# 14      7.818     12.579      9.670      2.083     12.579      8.612      7.818 
# 16      9.733     15.057     11.797      2.332     15.057     10.600      9.733 
# 18     12.143     17.142     14.113      2.174     17.142     13.053     12.143 
# 20     14.539     20.108     16.642      2.469     20.108     15.280     14.539 
# 23     18.571     23.693     20.520      2.263     23.693     19.295     18.571 
# 26     24.231     29.556     26.291      2.335     29.556     25.085     24.231 
# 29     28.970     35.562     31.346      2.989     35.562     29.507     28.970 
# 32     68.531     86.594     78.788      7.575     68.531     86.594     81.240 
# 36     47.303     53.554     49.614      2.800     53.554     47.984     47.303 
# 40     73.241     77.083     74.610      1.752     77.083     73.507     73.241 
# 45     76.770     82.871     78.908      2.805     82.871     77.084     76.770 
# 50     92.072     97.463     94.038      2.431     97.463     92.578     92.072 
# 56    122.322    127.981    124.336      2.582    127.981    122.706    122.322 
# 62    182.138    188.241    184.353      2.758    188.241    182.680    182.138 
# 69    197.714    203.371    199.786      2.545    203.371    197.714    198.273 
# 76    251.686    257.092    253.594      2.477    257.092    252.004    251.686 
# 84    397.989    444.252    415.002     20.774    444.252    402.766    397.989 
# 93    400.747    407.050    404.368      2.657    405.307    407.050    400.747 
# 103   1070.262   1149.047   1107.379     32.324   1149.047   1070.262   1102.828 
# 114    657.372    672.840    662.887      7.052    672.840    658.448    657.372 
# 126   1590.653   1831.440   1725.203    100.319   1590.653   1831.440   1753.515 
# 139   1097.711   1276.738   1157.623     84.228   1276.738   1097.711   1098.420 
# 153   1384.139   1412.027   1396.037     11.747   1391.945   1384.139   1412.027 
# 169   1808.191   1816.855   1811.684      3.731   1808.191   1816.855   1810.007 
# 186   2122.443   2184.076   2151.801     25.246   2184.076   2122.443   2148.884 
# 205   3389.359   3636.781   3525.983    102.647   3389.359   3551.808   3636.781 
# 226   3966.971   4051.401   4002.047     35.916   4051.401   3987.770   3966.971 
# 249   4575.943   4613.272   4596.990     15.608   4601.755   4613.272   4575.943 
# 274   6609.241   7855.404   7270.720    511.634   7855.404   7347.514   6609.241 
# 302   7769.924  15056.979  10213.346   3425.011  15056.979   7769.924   7813.136 
# 333  10980.288  15830.251  12913.394   2098.628  15830.251  10980.288  11929.642 
# 367  14600.397  15694.034  14965.125    515.417  15694.034  14600.944  14600.397 
# 404  17410.918  18170.420  17770.511    311.373  18170.420  17730.195  17410.918 
# 445  24895.738  27142.552  25691.856   1027.423  27142.552  25037.278  24895.738 
# 490  30420.310  33698.750  31597.944   1489.122  33698.750  30674.772  30420.310 
# 540  39611.253  43610.019  40983.644   1857.756  43610.019  39729.661  39611.253 
# 595  56492.150  60097.595  58293.553   1471.918  56492.150  58290.913  60097.595 
# 655  69619.210  72680.323  71440.331   1315.519  69619.210  72021.461  72680.323 
# 721  91393.105  91937.693  91726.672    238.617  91849.219  91937.693  91393.105 
# 794 122656.328 126295.489 124962.774   1637.475 125936.504 126295.489 122656.328 
# 874 163099.812 165483.586 164420.257    990.009 165483.586 164677.373 163099.812 
# 962 235541.033 241745.434 238852.457   2550.160 235541.033 239270.904 241745.434 
