#  n    min[us]    max[us]   mean[us]     sd[us] measurements[us]
# 10      9.798     17.891     12.865      3.582     17.891     10.907      9.798 
# 12     13.568     21.884     16.710      3.687     21.884     14.677     13.568 
# 14     16.083     24.170     19.317      3.494     24.170     17.698     16.083 
# 16     19.759     27.435     22.887      3.291     27.435     21.467     19.759 
# 18     24.782     32.608     28.059      3.319     32.608     26.787     24.782 
# 20     12.816     18.200     14.845      2.389     18.200     13.520     12.816 
# 23     38.861     46.914     41.977      3.531     46.914     40.157     38.861 
# 26     47.111     55.558     50.633      3.588     55.558     49.230     47.111 
# 29     70.179    136.972    100.292     27.661     93.725     70.179    136.972 
# 32     59.121     66.070     61.852      3.025     66.070     60.366     59.121 
# 36     61.813     67.958     64.250      2.665     67.958     62.979     61.813 
# 40    113.447    120.906    116.378      3.248    120.906    114.781    113.447 
# 45    147.739    155.787    150.832      3.540    155.787    148.969    147.739 
# 50    177.076    186.026    180.541      3.923    186.026    178.520    177.076 
# 56    204.079    212.605    207.415      3.719    212.605    205.561    204.079 
# 62    294.176    303.519    297.562      4.225    303.519    294.991    294.176 
# 69    378.383    387.095    381.741      3.826    387.095    379.746    378.383 
# 76    452.562    460.913    456.053      3.544    460.913    454.684    452.562 
# 84    577.197    607.640    590.870     12.620    587.774    607.640    577.197 
# 93    331.006    361.989    347.452     12.721    361.989    349.361    331.006 
# 103    611.803    783.745    677.067     76.059    783.745    635.653    611.803 
# 114    534.545    574.031    547.892     18.484    574.031    534.545    535.101 
# 126    693.637   1514.896   1071.576    338.450    693.637   1006.195   1514.896 
# 139   1745.888   1887.511   1830.354     60.957   1887.511   1857.663   1745.888 
# 153   2174.185   2423.935   2308.715    102.870   2423.935   2328.025   2174.185 
# 169   2329.381   2359.559   2342.119     12.761   2337.416   2359.559   2329.381 
# 186   1602.956   1630.033   1613.831     11.678   1608.505   1630.033   1602.956 
# 205   2055.823   4376.591   2837.352   1088.450   4376.591   2055.823   2079.643 
# 226   2714.174   6150.194   3882.636   1603.656   6150.194   2783.540   2714.174 
# 249   3445.086   3612.431   3508.913     73.859   3612.431   3445.086   3469.221 
# 274   4407.141   5980.937   4939.565    736.424   5980.937   4407.141   4430.616 
# 302   5707.005   6669.110   6051.239    437.850   6669.110   5707.005   5777.602 
# 333   7415.764  10986.966   8613.695   1678.181  10986.966   7438.355   7415.764 
# 367   9726.405  14764.333  11427.158   2359.885  14764.333   9790.735   9726.405 
# 404  12644.464  13918.171  13234.490    524.189  13918.171  13140.834  12644.464 
# 445  16577.330  18298.713  17508.553    709.795  18298.713  16577.330  17649.615 
# 490  21622.784  23478.696  22512.890    759.561  23478.696  21622.784  22437.191 
# 540  28286.874  28504.450  28365.053     98.811  28303.836  28286.874  28504.450 
# 595  37097.664  37487.502  37234.112    179.350  37487.502  37117.171  37097.664 
# 655  49486.593  53188.150  51800.248   1646.845  49486.593  53188.150  52726.002 
# 721  64424.884  72316.148  68740.297   3263.763  72316.148  69479.858  64424.884 
# 794  84875.231  91625.121  87212.774   3121.844  85137.970  84875.231  91625.121 
# 874 111659.248 113832.452 112502.516    951.609 112015.847 113832.452 111659.248 
# 962 164494.828 166419.393 165166.974    886.388 166419.393 164586.702 164494.828 
