#  n    min[us]    max[us]   mean[us]     sd[us] measurements[us]
# 10      9.671     23.819     14.749      6.429     23.819     10.757      9.671 
# 12      4.991     10.802      7.091      2.631     10.802      5.481      4.991 
# 14     14.941     23.075     18.255      3.487     23.075     16.748     14.941 
# 16     18.286     24.979     21.076      2.843     24.979     19.963     18.286 
# 18     21.835     40.140     28.558      8.225     40.140     23.699     21.835 
# 20     26.730     34.703     29.918      3.445     34.703     28.321     26.730 
# 23     32.608     40.879     35.982      3.544     40.879     34.459     32.608 
# 26     39.205     47.011     42.393      3.343     47.011     40.963     39.205 
# 29     49.200     58.670     52.881      4.144     58.670     50.773     49.200 
# 32     57.725     66.349     61.271      3.683     66.349     59.740     57.725 
# 36     72.658    114.599     89.236     18.214     80.451     72.658    114.599 
# 40     88.973    103.876     94.407      6.720    103.876     90.372     88.973 
# 45    111.716    121.307    115.462      4.187    121.307    113.363    111.716 
# 50     58.570    138.075     98.671     32.462    138.075     99.367     58.570 
# 56    169.888    180.742    174.099      4.753    180.742    171.666    169.888 
# 62    205.611    214.623    209.232      3.886    214.623    207.462    205.611 
# 69    278.139    287.930    281.810      4.356    287.930    279.362    278.139 
# 76    334.280    343.229    337.376      4.141    343.229    334.620    334.280 
# 84    406.661    454.369    425.259     20.847    414.748    406.661    454.369 
# 93    513.781    524.492    517.922      4.698    524.492    515.493    513.781 
# 103    655.312    703.135    671.628     22.283    703.135    656.438    655.312 
# 114    806.170    815.703    809.841      4.189    815.703    807.650    806.170 
# 126   1040.837   1050.841   1044.636      4.424   1050.841   1042.230   1040.837 
# 139   1265.184   1318.949   1288.361     22.566   1318.949   1280.950   1265.184 
# 153   1579.594   1633.161   1603.874     22.153   1633.161   1579.594   1598.868 
# 169   1704.798   1995.952   1893.797    133.788   1704.798   1980.640   1995.952 
# 186   2268.017   2476.555   2358.760     87.258   2476.555   2268.017   2331.707 
# 205   2165.169   2186.432   2175.618      8.684   2175.254   2186.432   2165.169 
# 226   2654.213   4067.286   3498.337    608.816   3773.511   4067.286   2654.213 
# 249   3594.841   4093.613   3807.429    210.168   4093.613   3733.833   3594.841 
# 274   2701.687   5969.476   3806.803   1529.364   5969.476   2749.245   2701.687 
# 302   3428.012   3437.859   3433.646      4.144   3428.012   3437.859   3435.068 
# 333   4411.417   9801.455   6355.915   2443.082   9801.455   4854.873   4411.417 
# 367   5608.831   9223.101   6867.730   1666.818   9223.101   5771.259   5608.831 
# 404   7470.366   7867.699   7699.145    167.708   7867.699   7470.366   7759.371 
# 445   9390.141  12580.916  10478.997   1486.603  12580.916   9465.933   9390.141 
# 490  12122.435  12179.031  12156.464     24.486  12179.031  12122.435  12167.927 
# 540  15737.549  15813.986  15771.283     31.843  15762.314  15737.549  15813.986 
# 595  20379.288  20654.113  20488.278    119.180  20654.113  20431.433  20379.288 
# 655  26889.786  27119.192  27036.047    103.745  27119.192  27099.164  26889.786 
# 721  35018.182  35319.779  35138.643    130.387  35319.779  35018.182  35077.969 
# 794  46295.096  46508.997  46399.843     87.380  46508.997  46295.096  46395.436 
# 874  61392.021  61961.353  61588.583    263.719  61412.376  61961.353  61392.021 
# 962  79379.913  81155.844  80024.098    802.816  81155.844  79536.537  79379.913 
